2.01365
2.02839
2.04001
2.04846
2.05363
2.05538
2.05351
2.0478
2.03802
2.02396
2.00545
1.98236
1.95463
1.92226
1.88533
1.84397
1.79839
1.74882
1.69556
1.63888
1.57908
1.51645
1.45124
1.38369
1.314
1.24234
1.16888
1.09374
1.01706
0.938976
0.859634
0.779202
0.697875
0.615872
0.533436
0.450833
0.368342
0.28625
0.20484
0.124387
0.0451508
-0.0326317
-0.108747
-0.183004
-0.255236
-0.325291
-0.393033
-0.458329
-0.52105
-0.581062
-0.638224
-0.692388
-0.743397
-0.791092
-0.835309
-0.875891
-0.91269
-0.945574
-0.97443
-0.999168
-1.01972
-1.03605
-1.04815
-1.056
-1.05963
-1.05906
-1.05433
-1.04548
-1.03254
-1.01555
-0.994533
-0.969535
-0.94059
-0.907743
-0.871051
-0.830584
-0.786432
-0.738704
-0.68753
-0.63306
-0.57546
-0.514912
-0.451609
-0.385749
-0.317532
-0.247159
-0.174826
-0.100722
-0.0250366
0.0520485
0.130351
0.209687
0.289868
0.370699
0.451973
0.533475
0.614977
0.696243
0.777029
0.857087
0.936169
1.01403
1.09044
1.16516
1.23799
1.30871
1.37715
1.44313
1.50648
1.56704
1.62466
1.67918
1.73045
1.77831
1.82262
1.86321
1.89993
1.93263
1.96119
1.98547
2.00536
2.02078
2.03164
2.03791
2.03953
2.03651
2.02882
2.01649
1.99952
1.97794
1.95178
1.92107
1.88583
1.84611
1.80194
1.75338
1.70048
1.64332
1.582
1.51662
1.44731
1.37421
1.2975
1.21734
1.13393
1.04745
0.958115
0.866119
0.771663
0.674943
0.576156
0.475494
0.373153
0.269328
0.164223
0.0580473
-0.0489796
-0.156627
-0.264652
-0.372805
-0.480825
-0.588449
-0.695412
-0.80145
-0.906308
-1.00974
-1.11151
-1.21139
-1.30917
-1.40466
-1.49766
-1.58799
-1.67547
-1.75992
-1.84116
-1.919
-1.99326
-2.06375
-2.1303
-2.19272
-2.25083
-2.30448
-2.35354
-2.39786
-2.43736
-2.47195
-2.50156
-2.52616
-2.54572
-2.56021
-2.56964
-2.574
-2.57328
-2.56749
-2.55663
-2.5407
-2.5197
-2.49365
-2.46257
-2.42652
-2.38553
-2.33971
-2.28915
-2.23399
-2.17438
-2.11048
-2.04248
-1.97056
-1.89493
-1.81576
-1.73326
-1.6476
-1.55897
-1.46752
-1.37343
-1.27688
-1.17803
-1.07708
-0.974243
-0.869733
-0.763801
-0.65671
-0.54874
-0.440184
-0.331338
-0.222495
-0.11394
-0.00594361
0.101245
0.207398
0.312309
0.415794
0.517681
0.617807
0.716008
0.812113
0.905937
0.997275
1.0859
1.17157
1.25402
1.33299
1.40821
1.47942
1.54642
1.60903
1.66713
1.72066
1.76962
1.81409
1.85418
1.89007
1.92196
1.95007
1.9746
1.99575
