2.02101
2.03603
2.04729
2.05477
2.05846
2.05832
2.05433
2.04644
2.03462
2.01883
1.99903
1.9752
1.94734
1.91544
1.87953
1.83964
1.79584
1.7482
1.69685
1.64191
1.58353
1.52189
1.45719
1.38964
1.31947
1.24692
1.17225
1.09571
1.01756
0.938078
0.857509
0.776118
0.694153
0.611861
0.529477
0.447229
0.365334
0.284002
0.203435
0.123827
0.0453646
-0.031769
-0.107396
-0.18134
-0.25343
-0.323493
-0.391358
-0.456855
-0.519815
-0.58007
-0.637453
-0.691801
-0.742953
-0.790756
-0.835063
-0.875734
-0.91264
-0.945663
-0.9747
-0.99966
-1.02047
-1.03706
-1.04939
-1.05744
-1.06119
-1.06064
-1.05581
-1.04673
-1.03344
-1.01601
-0.994494
-0.968967
-0.939514
-0.906225
-0.869198
-0.828536
-0.784347
-0.736747
-0.685854
-0.631793
-0.574697
-0.514702
-0.451954
-0.386603
-0.31881
-0.248743
-0.176579
-0.102501
-0.0267062
0.0506047
0.129221
0.208924
0.289491
0.370691
0.45229
0.534052
0.615738
0.69711
0.777931
0.857965
0.936983
1.01476
1.09107
1.1657
1.23845
1.30912
1.37751
1.44344
1.50672
1.5672
1.62471
1.67908
1.73017
1.77783
1.82192
1.86231
1.89886
1.93145
1.95996
1.98429
2.00433
2.01999
2.03118
2.03783
2.03987
2.03725
2.02993
2.01789
2.00112
1.97961
1.95339
1.92249
1.88696
1.84685
1.80225
1.75323
1.6999
1.64238
1.58077
1.51521
1.44583
1.37279
1.29622
1.21629
1.13316
1.04699
0.957959
0.866241
0.772018
0.675476
0.576806
0.476207
0.373883
0.270042
0.164902
0.0586859
-0.0483782
-0.156055
-0.264104
-0.372279
-0.480333
-0.588014
-0.695067
-0.80124
-0.906279
-1.00994
-1.11196
-1.21212
-1.31018
-1.4059
-1.49907
-1.58948
-1.67694
-1.76124
-1.84221
-1.91968
-1.99349
-2.06349
-2.12952
-2.19147
-2.24918
-2.30256
-2.35147
-2.39582
-2.4355
-2.47042
-2.50048
-2.52561
-2.54573
-2.56079
-2.57071
-2.57548
-2.57504
-2.56939
-2.55853
-2.54245
-2.52121
-2.49482
-2.46337
-2.42692
-2.38556
-2.33941
-2.28859
-2.23323
-2.17348
-2.1095
-2.04146
-1.96952
-1.89387
-1.81469
-1.73217
-1.64649
-1.55785
-1.46645
-1.37246
-1.27608
-1.17752
-1.07695
-0.974593
-0.87064
-0.765302
-0.658794
-0.551338
-0.443163
-0.334507
-0.225617
-0.116748
-0.00816301
0.0998692
0.207073
0.313171
0.417883
0.520931
0.622041
0.720947
0.817391
0.911132
1.00194
1.08961
1.17395
1.2548
1.33201
1.40547
1.47508
1.54077
1.6025
1.66023
1.71396
1.7637
1.80946
1.85126
1.88915
1.92316
1.95332
1.97967
2.00222
