0.164643
0.183132
0.201579
0.219972
0.238301
0.256555
0.274723
0.292794
0.310756
0.328599
0.346313
0.363887
0.381309
0.39857
0.415659
0.432566
0.449281
0.465794
0.482094
0.498172
0.514018
0.529623
0.544977
0.560071
0.574895
0.589442
0.603702
0.617667
0.631328
0.644677
0.657705
0.670406
0.682771
0.694794
0.706466
0.71778
0.728731
0.739311
0.749513
0.759333
0.768763
0.777799
0.786434
0.794664
0.802484
0.809888
0.816873
0.823434
0.829567
0.835269
0.840536
0.845364
0.849752
0.853696
0.857195
0.860245
0.862845
0.864994
0.86669
0.867932
0.86872
0.869053
0.86893
0.868352
0.86732
0.865833
0.863893
0.861501
0.858658
0.855366
0.851627
0.847444
0.842818
0.837753
0.832251
0.826317
0.819953
0.813163
0.805952
0.798323
0.790282
0.781833
0.772981
0.763732
0.754092
0.744065
0.733658
0.722878
0.71173
0.700222
0.688361
0.676153
0.663606
0.650728
0.637526
0.624008
0.610182
0.596057
0.581642
0.566944
0.551973
0.536738
0.521248
0.505512
0.48954
0.473341
0.456925
0.440302
0.423483
0.406476
0.389293
0.371944
0.354439
0.336789
0.319004
0.301095
0.283073
0.264949
0.246733
0.228437
0.210072
0.191648
0.173178
0.154671
0.136139
0.117594
0.0990457
0.0805063
0.0619867
0.0434979
0.0250512
0.00665771
-0.0116716
-0.0299256
-0.0480933
-0.0661637
-0.0841261
-0.10197
-0.119683
-0.137257
-0.154679
-0.17194
-0.189029
-0.205937
-0.222651
-0.239164
-0.255464
-0.271542
-0.287388
-0.302993
-0.318347
-0.333441
-0.348266
-0.362812
-0.377072
-0.391037
-0.404698
-0.418047
-0.431075
-0.443776
-0.456141
-0.468164
-0.479836
-0.49115
-0.502101
-0.512681
-0.522883
-0.532703
-0.542133
-0.551169
-0.559804
-0.568034
-0.575854
-0.583258
-0.590243
-0.596804
-0.602937
-0.608639
-0.613906
-0.618734
-0.623122
-0.627067
-0.630565
-0.633615
-0.636215
-0.638364
-0.64006
-0.641302
-0.64209
-0.642423
-0.6423
-0.641722
-0.64069
-0.639203
-0.637263
-0.634871
-0.632028
-0.628736
-0.624997
-0.620814
-0.616188
-0.611123
-0.605621
-0.599687
-0.593323
-0.586533
-0.579322
-0.571693
-0.563652
-0.555203
-0.546352
-0.537103
-0.527462
-0.517435
-0.507028
-0.496248
-0.485101
-0.473593
-0.461731
-0.449523
-0.436976
-0.424098
-0.410896
-0.397378
-0.383552
-0.369427
-0.355012
-0.340314
-0.325343
-0.310108
-0.294618
-0.278882
-0.26291
-0.246711
-0.230295
-0.213672
-0.196853
-0.179846
-0.162663
-0.145314
-0.127809
-0.110159
-0.0923737
-0.0744649
-0.0564429
-0.0383187
-0.0201032
-0.00180728
0.016558
0.0349815
0.0534522
0.071959
0.0904907
0.109036
0.127584
0.146124
