2.01005
2.02285
2.03348
2.0421
2.0486
2.05258
2.05344
2.05049
2.04298
2.03031
2.01205
1.98803
1.95838
1.92345
1.88379
1.84002
1.79278
1.74258
1.6898
1.63461
1.57701
1.51686
1.45398
1.38818
1.31937
1.24761
1.17312
1.09625
1.0175
0.93738
0.856412
0.775033
0.693564
0.612198
0.531007
0.449984
0.369091
0.288319
0.207728
0.127487
0.047869
-0.0307569
-0.107968
-0.183335
-0.25647
-0.327064
-0.394914
-0.459917
-0.522057
-0.581362
-0.637867
-0.69157
-0.742402
-0.790214
-0.834785
-0.875842
-0.913098
-0.946293
-0.975229
-0.999789
-1.01995
-1.03577
-1.04737
-1.05487
-1.05839
-1.05801
-1.05373
-1.04552
-1.03326
-1.01686
-0.996201
-0.971236
-0.94198
-0.908527
-0.871048
-0.829768
-0.784938
-0.736805
-0.685583
-0.631435
-0.574465
-0.514734
-0.452273
-0.387119
-0.319338
-0.249053
-0.176451
-0.101788
-0.025368
0.0524771
0.131417
0.211151
0.291428
0.37205
0.452876
0.533795
0.614707
0.695498
0.776011
0.856037
0.935312
1.01353
1.09035
1.16545
1.23853
1.30933
1.37767
1.4434
1.50643
1.5667
1.62414
1.67864
1.73006
1.77821
1.82288
1.86381
1.90077
1.93352
1.96191
1.98583
2.00525
2.02016
2.0306
2.03663
2.03827
2.03551
2.02832
2.01661
2.00027
1.9792
1.95332
1.92259
1.88705
1.84679
1.80194
1.7527
1.69925
1.64178
1.58044
1.51533
1.44653
1.37407
1.298
1.21836
1.13524
1.0488
0.959229
0.866803
0.771817
0.674583
0.575403
0.474543
0.372225
0.268622
0.163869
0.0580836
-0.0486111
-0.156062
-0.264069
-0.372374
-0.480671
-0.588615
-0.695849
-0.802033
-0.90686
-1.01008
-1.1115
-1.21098
-1.30841
-1.40369
-1.49669
-1.58725
-1.67517
-1.76018
-1.84199
-1.92028
-1.99477
-2.06519
-2.13136
-2.19316
-2.25053
-2.30345
-2.35193
-2.39597
-2.43554
-2.47055
-2.50087
-2.52632
-2.54671
-2.56187
-2.57164
-2.57597
-2.57485
-2.56837
-2.55666
-2.53989
-2.51824
-2.49184
-2.46077
-2.42507
-2.3847
-2.33962
-2.28977
-2.23514
-2.17577
-2.11181
-2.04346
-1.97102
-1.8948
-1.81515
-1.73238
-1.64671
-1.55832
-1.46731
-1.37372
-1.27759
-1.17897
-1.07796
-0.974771
-0.869689
-0.76309
-0.655404
-0.547078
-0.438524
-0.330088
-0.222022
-0.114475
-0.00751807
0.0988297
0.204549
0.309574
0.413754
0.516832
0.618448
0.71816
0.815494
0.909993
1.00127
1.08907
1.17323
1.25375
1.33071
1.40423
1.47439
1.54121
1.60461
1.66436
1.72012
1.77151
1.81815
1.85975
1.89619
1.92753
1.95406
1.97625
1.99471
