2.00647
2.03516
2.05743
2.06913
2.06842
2.05665
2.03826
2.01955
2.00653
2.00237
2.00546
2.00908
2.00314
1.97771
1.92713
1.85322
1.76581
1.68014
1.61153
1.56926
1.55206
1.54729
1.53468
1.49363
1.41144
1.28929
1.14327
0.999496
0.884808
0.816353
0.794139
0.799768
0.802335
0.769673
0.680858
0.535144
0.353585
0.172275
0.0293736
-0.0493695
-0.0610482
-0.0277512
0.010784
0.0116076
-0.0551608
-0.194369
-0.382929
-0.577419
-0.72967
-0.804689
-0.794219
-0.720651
-0.629541
-0.573204
-0.591293
-0.695582
-0.864746
-1.05137
-1.19884
-1.26216
-1.22487
-1.10589
-0.953338
-0.827377
-0.778256
-0.827461
-0.959115
-1.12499
-1.26159
-1.31329
-1.25302
-1.09292
-0.880706
-0.682869
-0.560543
-0.546887
-0.634309
-0.776488
-0.904729
-0.952925
-0.882045
-0.695113
-0.436924
-0.178333
0.00937679
0.0807412
0.0332741
-0.0909723
-0.220291
-0.279411
-0.217315
-0.0265091
0.253517
0.550155
0.783969
0.897855
0.878302
0.760793
0.617166
0.529419
0.559485
0.726146
0.997647
1.3029
1.55728
1.69358
1.68682
1.56358
1.39247
1.25911
1.23465
1.34956
1.58221
1.86653
2.116
2.25531
2.24784
2.10915
1.9014
1.71059
1.61519
1.65735
1.82746
2.06752
2.29231
2.42042
2.404
2.24622
2.00012
1.74929
1.57735
1.53748
1.63296
1.81608
2.00552
2.11611
2.08994
1.91747
1.64105
1.33938
1.09881
0.98179
1.0042
1.12968
1.28312
1.37826
1.34932
1.17501
0.886238
0.554629
0.266247
0.0901327
0.0532343
0.130893
0.256265
0.34513
0.326876
0.170279
-0.105336
-0.437519
-0.743821
-0.952007
-1.02622
-0.979595
-0.86878
-0.772708
-0.763449
-0.879959
-1.11427
-1.41497
-1.70644
-1.91666
-2.00325
-1.96829
-1.8568
-1.7396
-1.68713
-1.74382
-1.91245
-2.15377
-2.40151
-2.58675
-2.66289
-2.62203
-2.49702
-2.34875
-2.24355
-2.22907
-2.31747
-2.48166
-2.66597
-2.8068
-2.85579
-2.79694
-2.65171
-2.47042
-2.31343
-2.22904
-2.23638
-2.31913
-2.43233
-2.51944
-2.53312
-2.45224
-2.28887
-2.08308
-1.88758
-1.74829
-1.68788
-1.6983
-1.74474
-1.77929
-1.75892
-1.66104
-1.49106
-1.27942
-1.06952
-0.901473
-0.79762
-0.755334
-0.749234
-0.741668
-0.697175
-0.595375
-0.437628
-0.24533
-0.0509716
0.114306
0.231838
0.301233
0.339065
0.371477
0.423879
0.511773
0.635983
0.783649
0.934081
1.06686
1.16898
1.23858
1.28418
1.32041
1.36204
1.41881
1.49271
1.57837
1.66595
1.74505
1.8082
1.85278
1.88106
1.89869
1.91249
1.92832
1.94954
1.97644
