2.085
2.10033
2.11099
2.117
2.11838
2.11515
2.10736
2.09506
2.0783
2.05717
2.03175
2.00212
1.9684
1.93069
1.88912
1.84382
1.79493
1.74259
1.68696
1.62821
1.5665
1.50202
1.43494
1.36546
1.29377
1.22008
1.14457
1.06747
0.988975
0.90931
0.828688
0.747325
0.665442
0.583258
0.500992
0.418864
0.337091
0.255892
0.17548
0.0960675
0.0178639
-0.0589255
-0.134099
-0.207461
-0.278819
-0.347987
-0.414785
-0.47904
-0.540585
-0.599261
-0.654915
-0.707405
-0.756595
-0.802359
-0.844579
-0.883148
-0.917966
-0.948946
-0.976009
-0.999086
-1.01812
-1.03306
-1.04388
-1.05054
-1.05304
-1.05136
-1.04552
-1.03553
-1.02142
-1.00323
-0.981011
-0.954821
-0.924731
-0.890822
-0.853185
-0.811921
-0.76714
-0.718961
-0.667512
-0.612931
-0.555363
-0.494961
-0.431886
-0.366305
-0.298394
-0.228333
-0.15631
-0.0825159
-0.00714908
0.0695892
0.147493
0.226354
0.305959
0.386094
0.466543
0.547088
0.627511
0.707593
0.787115
0.865861
0.943613
1.02016
1.09528
1.16878
1.24044
1.31007
1.37746
1.44243
1.50479
1.56435
1.62095
1.67442
1.72459
1.77132
1.81445
1.85386
1.88942
1.921
1.94851
1.97183
1.99088
2.00559
2.01588
2.02169
2.02298
2.01971
2.01186
1.9994
1.98235
1.96069
1.93446
1.90369
1.86841
1.82867
1.78455
1.7361
1.68342
1.62661
1.56575
1.50098
1.43241
1.36018
1.28443
1.20532
1.12299
1.03763
0.949403
0.858496
0.765098
0.669405
0.571621
0.471953
0.370614
0.267821
0.163795
0.0587624
-0.0470505
-0.153413
-0.260093
-0.366857
-0.473471
-0.579699
-0.685309
-0.790067
-0.89374
-0.9961
-1.09692
-1.19597
-1.29303
-1.38789
-1.48034
-1.57016
-1.65716
-1.74113
-1.8219
-1.89928
-1.97309
-2.04317
-2.10936
-2.1715
-2.22947
-2.28312
-2.33234
-2.37701
-2.41703
-2.4523
-2.48276
-2.50832
-2.52893
-2.54454
-2.55511
-2.56062
-2.56105
-2.5564
-2.54668
-2.5319
-2.51211
-2.48733
-2.45764
-2.42308
-2.38374
-2.3397
-2.29106
-2.23792
-2.18042
-2.11866
-2.05279
-1.98295
-1.9093
-1.832
-1.75122
-1.66714
-1.57995
-1.48983
-1.397
-1.30164
-1.20398
-1.10423
-1.0026
-0.899323
-0.794624
-0.688731
-0.581878
-0.474297
-0.366223
-0.257892
-0.149538
-0.0413975
0.0662963
0.173311
0.279416
0.384384
0.48799
0.590014
0.690239
0.788453
0.88445
0.978029
1.06899
1.15716
1.24234
1.32437
1.40308
1.4783
1.5499
1.61774
1.68167
1.74159
1.79737
1.84892
1.89615
1.93898
1.97733
2.01115
2.04039
2.06502
