2.05878
2.07392
2.08453
2.09063
2.09225
2.0894
2.08212
2.07047
2.05451
2.03429
2.00991
1.98144
1.94899
1.91265
1.87256
1.82882
1.78157
1.73095
1.6771
1.62018
1.56035
1.49778
1.43264
1.3651
1.29536
1.2236
1.15001
1.0748
0.998159
0.920296
0.841414
0.761725
0.681436
0.600759
0.519906
0.439088
0.358516
0.278402
0.198952
0.120376
0.0428757
-0.0333455
-0.10809
-0.181163
-0.252375
-0.32154
-0.388479
-0.453017
-0.514986
-0.574224
-0.630577
-0.683897
-0.734045
-0.780889
-0.824305
-0.86418
-0.900408
-0.932892
-0.961546
-0.986292
-1.00707
-1.02381
-1.03647
-1.04503
-1.04944
-1.0497
-1.04581
-1.03776
-1.02559
-1.00931
-0.988967
-0.964611
-0.936304
-0.904114
-0.868125
-0.828427
-0.785123
-0.738323
-0.68815
-0.634731
-0.578208
-0.518727
-0.456443
-0.391522
-0.324133
-0.254455
-0.182673
-0.108977
-0.0335654
0.043361
0.121595
0.200926
0.28114
0.362018
0.443341
0.524885
0.606427
0.687743
0.768606
0.848793
0.928079
1.00624
1.08306
1.15832
1.23179
1.30328
1.37258
1.43947
1.50377
1.56529
1.62383
1.67922
1.7313
1.77989
1.82485
1.86602
1.90327
1.93648
1.96552
1.99028
2.01068
2.02663
2.03804
2.04486
2.04702
2.0445
2.03726
2.02528
2.00856
1.9871
1.96093
1.93006
1.89454
1.85443
1.80978
1.76069
1.70722
1.64949
1.5876
1.52167
1.45183
1.37822
1.301
1.22032
1.13635
1.04927
0.959265
0.866525
0.77125
0.673647
0.57393
0.472316
0.36903
0.264298
0.158352
0.0514286
-0.056235
-0.164398
-0.27282
-0.381256
-0.489464
-0.597201
-0.704223
-0.810291
-0.915166
-1.01861
-1.12039
-1.22028
-1.31804
-1.41347
-1.50635
-1.59646
-1.6836
-1.76758
-1.84821
-1.9253
-1.99869
-2.06821
-2.13369
-2.19501
-2.25202
-2.30459
-2.35261
-2.39598
-2.43459
-2.46836
-2.49722
-2.52112
-2.53999
-2.5538
-2.56252
-2.56614
-2.56465
-2.55806
-2.54639
-2.52967
-2.50794
-2.48126
-2.44968
-2.41329
-2.37216
-2.32641
-2.27612
-2.22142
-2.16243
-2.09929
-2.03215
-1.96115
-1.88645
-1.80823
-1.72666
-1.64192
-1.55421
-1.46371
-1.37063
-1.27518
-1.17756
-1.078
-0.976701
-0.873895
-0.769805
-0.664655
-0.558676
-0.452094
-0.345139
-0.238041
-0.131029
-0.0243299
0.0818298
0.187226
0.291637
0.394845
0.496635
0.596795
0.69512
0.791408
0.885462
0.977093
1.06612
1.15235
1.23564
1.3158
1.39269
1.46615
1.53605
1.60227
1.66466
1.72313
1.77757
1.82788
1.87399
1.91581
1.95329
1.98636
2.01499
2.03914
