2.00465
2.02708
2.0481
2.06421
2.07069
2.06442
2.04665
2.02362
2.00424
1.99554
1.99835
2.00571
2.00497
1.98317
1.93288
1.85621
1.76487
1.67624
1.60697
1.5663
1.55191
1.54972
1.53836
1.4968
1.41267
1.28806
1.14018
0.99605
0.882727
0.816731
0.79682
0.803359
0.804914
0.769846
0.678555
0.531665
0.350849
0.171727
0.0311966
-0.0462842
-0.0584018
-0.026874
0.00959492
0.00912584
-0.0576077
-0.195613
-0.382487
-0.575622
-0.727423
-0.803037
-0.793904
-0.721808
-0.631635
-0.575237
-0.592254
-0.694945
-0.862786
-1.04907
-1.19743
-1.2624
-1.22665
-1.10825
-0.95499
-0.827458
-0.776775
-0.825268
-0.95739
-1.12459
-1.26263
-1.31515
-1.25473
-1.09367
-0.880214
-0.681436
-0.55887
-0.545746
-0.63422
-0.777496
-0.906378
-0.954432
-0.882654
-0.694472
-0.435311
-0.176558
0.0103726
0.0804017
0.031759
-0.0928534
-0.221523
-0.279342
-0.216014
-0.0247044
0.254862
0.550373
0.783016
0.896279
0.87691
0.760238
0.617661
0.530682
0.560909
0.727073
0.997649
1.30196
1.55582
1.6923
1.68636
1.56423
1.39395
1.26067
1.23546
1.34917
1.58079
1.86484
2.11496
2.25546
2.24908
2.11081
1.90258
1.71072
1.61425
1.65588
1.82619
2.06705
2.29282
2.42164
2.40535
2.24707
2.00007
1.74834
1.57593
1.53626
1.63258
1.81678
2.007
2.11763
2.09067
1.917
1.63959
1.33771
1.09783
0.982022
1.0055
1.13134
1.28426
1.37832
1.34831
1.17349
0.884972
0.554208
0.266835
0.0914261
0.0546248
0.131736
0.256156
0.344083
0.325354
0.169011
-0.105684
-0.436702
-0.742194
-0.950394
-1.0255
-0.980195
-0.870423
-0.774524
-0.76445
-0.879604
-1.11276
-1.41312
-1.70523
-1.9167
-2.00446
-1.97002
-1.85819
-1.74
-1.68638
-1.7423
-1.91086
-2.15286
-2.40173
-2.58804
-2.6647
-2.62347
-2.49732
-2.34766
-2.24154
-2.22717
-2.31672
-2.48254
-2.66806
-2.809
-2.85688
-2.79632
-2.64971
-2.46813
-2.31205
-2.22927
-2.23805
-2.32136
-2.43401
-2.51977
-2.53198
-2.45017
-2.28684
-2.08204
-1.88808
-1.75018
-1.69034
-1.70011
-1.74489
-1.77754
-1.75604
-1.65852
-1.49034
-1.28104
-1.07272
-0.904527
-0.798811
-0.753942
-0.74598
-0.738317
-0.695538
-0.596309
-0.440606
-0.248789
-0.0531631
0.114443
0.234224
0.304745
0.342059
0.372491
0.422269
0.508082
0.631862
0.781231
0.934939
1.071
1.17451
1.24244
1.28382
1.31548
1.35499
1.41373
1.49295
1.58431
1.67437
1.75089
1.80764
1.8458
1.87169
1.89266
1.91365
1.9361
1.95922
1.98209
