2.04514
2.0602
2.07087
2.07717
2.0791
2.0767
2.07
2.05903
2.04386
2.02455
2.00116
1.97377
1.94247
1.90735
1.86852
1.82608
1.78016
1.73089
1.67838
1.6228
1.56428
1.50297
1.43905
1.37267
1.30401
1.23326
1.16058
1.08617
1.01023
0.932944
0.854522
0.775165
0.69508
0.614475
0.533562
0.452552
0.371659
0.291096
0.211077
0.131813
0.0535163
-0.0236044
-0.0993421
-0.173493
-0.245856
-0.316236
-0.38444
-0.450282
-0.513582
-0.574164
-0.631862
-0.686514
-0.737969
-0.786082
-0.830718
-0.87175
-0.909063
-0.942548
-0.97211
-0.997663
-1.01913
-1.03646
-1.04958
-1.05847
-1.06308
-1.06342
-1.05946
-1.05123
-1.03873
-1.022
-1.00109
-0.976049
-0.946944
-0.913855
-0.876872
-0.836097
-0.791641
-0.743628
-0.692188
-0.637466
-0.579612
-0.518786
-0.455158
-0.388904
-0.320208
-0.249261
-0.17626
-0.101407
-0.0249104
0.0530173
0.13216
0.212297
0.293208
0.374667
0.456448
0.538326
0.620071
0.701459
0.782262
0.862257
0.941222
1.01894
1.09518
1.16975
1.24243
1.31302
1.38132
1.44714
1.51029
1.57059
1.62787
1.68196
1.7327
1.77995
1.82356
1.8634
1.89935
1.93128
1.9591
1.98271
2.00203
2.01697
2.02747
2.03348
2.03496
2.03185
2.02415
2.01184
1.99492
1.97339
1.94727
1.91659
1.8814
1.84173
1.79766
1.74925
1.69658
1.63975
1.57885
1.514
1.44531
1.37292
1.29696
1.21759
1.13495
1.04921
0.96055
0.869142
0.775174
0.678841
0.580343
0.479887
0.377685
0.273954
0.168917
0.0627997
-0.0441668
-0.151749
-0.259712
-0.367815
-0.47582
-0.583485
-0.690568
-0.796827
-0.902023
-1.00591
-1.10826
-1.20884
-1.3074
-1.40373
-1.4976
-1.58879
-1.67708
-1.76228
-1.84417
-1.92257
-1.99728
-2.06815
-2.13498
-2.19763
-2.25594
-2.30979
-2.35903
-2.40355
-2.44324
-2.47802
-2.50779
-2.53249
-2.55205
-2.56644
-2.57563
-2.57958
-2.57829
-2.57178
-2.56005
-2.54313
-2.52108
-2.49395
-2.4618
-2.42473
-2.3828
-2.33615
-2.28487
-2.22909
-2.16895
-2.1046
-2.03619
-1.96388
-1.88786
-1.80829
-1.72538
-1.63931
-1.55028
-1.45852
-1.36422
-1.26761
-1.16891
-1.06834
-0.966136
-0.862524
-0.757736
-0.652006
-0.545568
-0.438653
-0.331495
-0.224325
-0.117373
-0.0108658
0.0949726
0.199921
0.303762
0.406283
0.507276
0.606537
0.703868
0.799078
0.891981
0.982397
1.07016
1.15509
1.23704
1.31586
1.3914
1.46353
1.53213
1.59707
1.65825
1.71556
1.76892
1.81823
1.86343
1.90444
1.94122
1.97371
2.00188
2.0257
