2.00353
2.02509
2.04734
2.06542
2.07254
2.06499
2.04544
2.02198
2.00384
1.99666
1.99973
2.00596
2.00401
1.98208
1.93271
1.85695
1.76567
1.67638
1.60648
1.56576
1.55174
1.54994
1.5387
1.49703
1.41268
1.28786
1.13988
0.99585
0.882835
0.817115
0.797152
0.803295
0.804474
0.769446
0.678602
0.532122
0.351259
0.171686
0.0307667
-0.0466596
-0.0583712
-0.0265142
0.00990838
0.00912172
-0.0578646
-0.195855
-0.382529
-0.575486
-0.727246
-0.802933
-0.793918
-0.721935
-0.631809
-0.575329
-0.592157
-0.694706
-0.862615
-1.04916
-1.19772
-1.26262
-1.22657
-1.10794
-0.954759
-0.827532
-0.77707
-0.825486
-0.95733
-1.12434
-1.26244
-1.31518
-1.25491
-1.09382
-0.880227
-0.681334
-0.558747
-0.545677
-0.634237
-0.777598
-0.906509
-0.954489
-0.882561
-0.694283
-0.435196
-0.176649
0.0101419
0.0802538
0.0318513
-0.0926037
-0.221364
-0.279431
-0.216255
-0.0248568
0.254937
0.550581
0.783152
0.896234
0.876756
0.760122
0.617661
0.530769
0.56101
0.727129
0.99763
1.30187
1.5557
1.69226
1.68646
1.5644
1.39403
1.26057
1.23525
1.34906
1.5809
1.86506
2.11508
2.25536
2.24886
2.11069
1.90267
1.71091
1.61436
1.65582
1.82605
2.06696
2.29283
2.42172
2.40544
2.24712
2.00005
1.74824
1.57582
1.53623
1.63268
1.81694
2.00706
2.11751
2.09047
1.91691
1.63972
1.33794
1.09792
0.981894
1.00528
1.13125
1.28437
1.37851
1.3484
1.17342
0.884829
0.554119
0.266851
0.0915127
0.0547209
0.131788
0.256125
0.343972
0.325232
0.168994
-0.105551
-0.436519
-0.742142
-0.950548
-1.02573
-0.980267
-0.870255
-0.774276
-0.764371
-0.87977
-1.113
-1.4132
-1.70509
-1.91649
-2.00437
-1.97011
-1.85835
-1.74009
-1.68635
-1.7422
-1.91075
-2.1528
-2.40177
-2.58819
-2.66484
-2.62347
-2.49714
-2.34744
-2.24151
-2.22739
-2.31699
-2.48259
-2.66782
-2.8087
-2.85682
-2.79656
-2.65001
-2.46819
-2.31184
-2.22901
-2.23798
-2.3215
-2.43421
-2.51987
-2.53193
-2.45003
-2.28669
-2.08197
-1.88816
-1.7504
-1.69053
-1.70008
-1.7446
-1.77723
-1.75604
-1.65888
-1.49073
-1.28105
-1.07231
-0.904087
-0.798795
-0.75437
-0.746423
-0.738346
-0.695151
-0.5959
-0.440541
-0.249073
-0.05351
0.114301
0.234345
0.305021
0.342332
0.372585
0.422049
0.50762
0.631524
0.781427
0.935643
1.07159
1.17429
1.24146
1.28301
1.31579
1.35627
1.41471
1.49251
1.58275
1.67329
1.75151
1.80943
1.84691
1.87088
1.89071
1.9126
1.93709
1.96124
1.98302
