2.03669
2.05172
2.0625
2.06902
2.0713
2.06937
2.06324
2.05296
2.03856
2.02009
1.99762
1.9712
1.9409
1.90682
1.86903
1.82763
1.78272
1.73441
1.68282
1.62809
1.57034
1.50972
1.44637
1.38046
1.31216
1.24163
1.16905
1.09462
1.01853
0.940969
0.86215
0.782282
0.701578
0.620256
0.53854
0.456652
0.374819
0.293269
0.212229
0.131928
0.052592
-0.025554
-0.102288
-0.17739
-0.250646
-0.321847
-0.390788
-0.457271
-0.521106
-0.582112
-0.640113
-0.694944
-0.746452
-0.794489
-0.838924
-0.879631
-0.916499
-0.949429
-0.978332
-1.00313
-1.02377
-1.04019
-1.05235
-1.06023
-1.06382
-1.06312
-1.05813
-1.04887
-1.0354
-1.01774
-0.995963
-0.970133
-0.940328
-0.906639
-0.869165
-0.828014
-0.783304
-0.735161
-0.683721
-0.629125
-0.571522
-0.51107
-0.447931
-0.382275
-0.314277
-0.244116
-0.171979
-0.0980548
-0.0225374
0.0543754
0.132483
0.21158
0.291462
0.371918
0.452737
0.533709
0.614618
0.695251
0.775393
0.854831
0.933349
1.01074
1.08678
1.16127
1.234
1.30477
1.37337
1.43961
1.50329
1.56423
1.62224
1.67715
1.72879
1.77698
1.82159
1.86246
1.89944
1.93241
1.96125
1.98585
2.00611
2.02193
2.03324
2.03997
2.04206
2.03947
2.03217
2.02014
2.00337
1.98187
1.95565
1.92474
1.8892
1.84907
1.80442
1.75533
1.70189
1.64421
1.58239
1.51657
1.44687
1.37345
1.29645
1.21604
1.1324
1.04569
0.956109
0.863849
0.76911
0.672096
0.573019
0.472094
0.36954
0.26558
0.16044
0.0543472
-0.052468
-0.159774
-0.26734
-0.374932
-0.482318
-0.589266
-0.695546
-0.800927
-0.905183
-1.00809
-1.10942
-1.20895
-1.30648
-1.40178
-1.49465
-1.58489
-1.67229
-1.75667
-1.83782
-1.91558
-1.98976
-2.0602
-2.12673
-2.1892
-2.24746
-2.30138
-2.35082
-2.39567
-2.4358
-2.47113
-2.50157
-2.52702
-2.54742
-2.56271
-2.57286
-2.57781
-2.57755
-2.57208
-2.56138
-2.54549
-2.52442
-2.49821
-2.46693
-2.43064
-2.38942
-2.34336
-2.29257
-2.23717
-2.17729
-2.11306
-2.04465
-1.97222
-1.89595
-1.81601
-1.7326
-1.64594
-1.55622
-1.46366
-1.3685
-1.27096
-1.17128
-1.0697
-0.966459
-0.861807
-0.75599
-0.649257
-0.541856
-0.434036
-0.326042
-0.218118
-0.110504
-0.00343937
0.102845
0.208121
0.312166
0.414765
0.515708
0.614792
0.711823
0.806613
0.898982
0.988759
1.07578
1.1599
1.24096
1.31882
1.39337
1.46448
1.53204
1.59594
1.6561
1.71242
1.76483
1.81327
1.85766
1.89796
1.93411
1.96609
1.99386
2.0174
