2.03092
2.04594
2.05684
2.0636
2.06624
2.06477
2.05921
2.04958
2.03591
2.01823
1.99658
1.971
1.94156
1.90831
1.87133
1.83068
1.78646
1.73876
1.68769
1.63336
1.57591
1.51546
1.45216
1.38618
1.31767
1.24682
1.17382
1.09885
1.02213
0.943867
0.864281
0.7836
0.702054
0.619881
0.53732
0.454615
0.372009
0.289746
0.208071
0.127223
0.0474429
-0.031036
-0.107984
-0.183177
-0.256399
-0.327441
-0.396101
-0.46219
-0.525524
-0.585932
-0.643253
-0.697337
-0.748045
-0.795248
-0.838832
-0.878691
-0.914731
-0.946871
-0.97504
-0.999177
-1.01923
-1.03517
-1.04697
-1.0546
-1.05805
-1.05734
-1.05247
-1.04345
-1.03033
-1.01315
-0.991934
-0.966757
-0.93768
-0.904775
-0.868125
-0.827821
-0.783962
-0.736657
-0.686021
-0.632179
-0.575266
-0.515421
-0.452796
-0.387548
-0.319843
-0.249856
-0.177769
-0.103768
-0.0280511
0.0491809
0.12772
0.207352
0.28786
0.36902
0.450606
0.532391
0.614142
0.695626
0.776613
0.856867
0.936159
1.01426
1.09094
1.16598
1.23915
1.31025
1.37907
1.4454
1.50904
1.56982
1.62756
1.68207
1.7332
1.78081
1.82473
1.86485
1.90103
1.93317
1.96116
1.98491
2.00434
2.01937
2.02995
2.03601
2.03753
2.03446
2.02679
2.0145
1.9976
1.97609
1.94999
1.91932
1.88414
1.84447
1.80039
1.75195
1.69924
1.64234
1.58135
1.51638
1.44753
1.37495
1.29875
1.2191
1.13614
1.05004
0.960974
0.869122
0.774677
0.677837
0.578809
0.477808
0.375054
0.270775
0.165203
0.0585755
-0.0488659
-0.156876
-0.265209
-0.373614
-0.481841
-0.589641
-0.696765
-0.802964
-0.907992
-1.01161
-1.11358
-1.21366
-1.31163
-1.40726
-1.50035
-1.59068
-1.67804
-1.76226
-1.84314
-1.9205
-1.99418
-2.06402
-2.12987
-2.19159
-2.24905
-2.30214
-2.35073
-2.39473
-2.43404
-2.46858
-2.49827
-2.52306
-2.54289
-2.5577
-2.56747
-2.57217
-2.57178
-2.5663
-2.55572
-2.54007
-2.51935
-2.49362
-2.4629
-2.42727
-2.38677
-2.3415
-2.29153
-2.23698
-2.17795
-2.11456
-2.04696
-1.97528
-1.89969
-1.82036
-1.73747
-1.65121
-1.56178
-1.4694
-1.37429
-1.27668
-1.1768
-1.07489
-0.971222
-0.866035
-0.759592
-0.652155
-0.543987
-0.435354
-0.326518
-0.217742
-0.109285
-0.00140275
0.105655
0.211643
0.316325
0.41947
0.520857
0.620274
0.717519
0.8124
0.904735
0.994353
1.0811
1.16482
1.24537
1.32264
1.39651
1.46687
1.53363
1.5967
1.65601
1.71148
1.76307
1.81071
1.85437
1.894
1.92958
1.96108
1.98848
2.01176
