2.02672
2.04175
2.05276
2.05977
2.06276
2.06176
2.05674
2.04773
2.03473
2.01776
1.99684
1.97198
1.94322
1.91061
1.8742
1.83403
1.7902
1.74278
1.69187
1.63757
1.58003
1.51937
1.45575
1.38933
1.32031
1.24886
1.17519
1.09952
1.02208
0.943096
0.862813
0.781477
0.69934
0.616656
0.533679
0.450665
0.367866
0.285532
0.20391
0.123238
0.0437507
-0.0343263
-0.110775
-0.185388
-0.257964
-0.328313
-0.396256
-0.461622
-0.524251
-0.583991
-0.640701
-0.694249
-0.744512
-0.791375
-0.834731
-0.874484
-0.910542
-0.942823
-0.971252
-0.995762
-1.01629
-1.03279
-1.04521
-1.05352
-1.05769
-1.0577
-1.05354
-1.04521
-1.03272
-1.01609
-0.99535
-0.970545
-0.941727
-0.908964
-0.872332
-0.831922
-0.787836
-0.74019
-0.689109
-0.634731
-0.577206
-0.516694
-0.453363
-0.387392
-0.31897
-0.248291
-0.175557
-0.100976
-0.0247604
0.0528733
0.131705
0.211513
0.292074
0.373163
0.454557
0.536032
0.617366
0.69834
0.778735
0.858336
0.936931
1.01431
1.09027
1.1646
1.23712
1.30762
1.37591
1.44181
1.50513
1.5657
1.62334
1.67789
1.72919
1.77706
1.82138
1.86198
1.89873
1.93151
1.96019
1.98466
2.00481
2.02055
2.0318
2.03848
2.04054
2.03793
2.03062
2.01858
2.0018
1.98029
1.95406
1.92316
1.88761
1.84749
1.80286
1.7538
1.70042
1.64281
1.58109
1.5154
1.44587
1.37265
1.29588
1.21574
1.1324
1.04602
0.956798
0.86491
0.770554
0.673923
0.575221
0.474651
0.372421
0.268743
0.163832
0.0579062
-0.0488139
-0.156105
-0.26374
-0.371491
-0.479128
-0.586416
-0.693123
-0.799013
-0.903849
-1.00739
-1.10941
-1.20967
-1.30794
-1.40397
-1.49756
-1.58847
-1.67648
-1.76139
-1.84298
-1.92106
-1.99545
-2.06596
-2.13242
-2.19468
-2.25259
-2.30601
-2.35483
-2.39893
-2.43822
-2.47262
-2.50206
-2.52648
-2.54583
-2.56009
-2.56923
-2.57325
-2.57214
-2.56594
-2.55465
-2.53831
-2.51697
-2.49067
-2.45949
-2.42348
-2.38272
-2.33731
-2.28733
-2.23288
-2.17407
-2.11103
-2.04387
-1.97273
-1.89775
-1.81909
-1.7369
-1.65136
-1.56266
-1.47097
-1.3765
-1.27947
-1.18009
-1.07859
-0.975208
-0.870196
-0.763807
-0.656298
-0.547938
-0.438995
-0.329743
-0.220455
-0.111407
-0.00287098
0.104884
0.211592
0.316995
0.420841
0.52289
0.622908
0.720677
0.815988
0.908648
0.998476
1.08531
1.16899
1.24939
1.32639
1.39987
1.46974
1.53593
1.59836
1.65698
1.71174
1.7626
1.80954
1.85252
1.89153
1.92656
1.9576
1.98465
2.00769
