2.02352
2.03855
2.04969
2.05694
2.06028
2.05972
2.05523
2.0468
2.03442
2.01808
1.99777
1.97349
1.94526
1.9131
1.87703
1.83711
1.7934
1.74597
1.69494
1.64041
1.58251
1.52141
1.45726
1.39026
1.32062
1.24854
1.17425
1.09801
1.02004
0.940612
0.859979
0.778403
0.696144
0.61346
0.530606
0.447833
0.365385
0.283497
0.202398
0.122308
0.0434383
-0.0340092
-0.109841
-0.183872
-0.255925
-0.325829
-0.393423
-0.458548
-0.521054
-0.580795
-0.637628
-0.691418
-0.742031
-0.789339
-0.83322
-0.873554
-0.91023
-0.94314
-0.972187
-0.997278
-1.01833
-1.03527
-1.04805
-1.0566
-1.06089
-1.0609
-1.05661
-1.04804
-1.0352
-1.01812
-0.996862
-0.971475
-0.94204
-0.908646
-0.871397
-0.830406
-0.785797
-0.737706
-0.686275
-0.631657
-0.57401
-0.513498
-0.45029
-0.384561
-0.316489
-0.246256
-0.174046
-0.100046
-0.024448
0.0525562
0.130771
0.209997
0.290035
0.370679
0.451723
0.532958
0.61417
0.695144
0.775662
0.855505
0.93445
1.01227
1.08876
1.16367
1.23681
1.30793
1.37684
1.44332
1.50717
1.56818
1.62618
1.68097
1.73238
1.78026
1.82445
1.86481
1.90122
1.93355
1.9617
1.98559
2.00512
2.02023
2.03086
2.03697
2.0385
2.03545
2.02779
2.0155
1.9986
1.97709
1.95099
1.92032
1.88513
1.84545
1.80135
1.75287
1.7001
1.64312
1.58203
1.51692
1.44791
1.37513
1.29872
1.21882
1.1356
1.04922
0.95987
0.867742
0.773035
0.675959
0.576733
0.475581
0.372733
0.268426
0.162898
0.0563902
-0.0508531
-0.158589
-0.266573
-0.374565
-0.482324
-0.589612
-0.696196
-0.801844
-0.90633
-1.00943
-1.11093
-1.2106
-1.30825
-1.40366
-1.49662
-1.58695
-1.67444
-1.7589
-1.84015
-1.91799
-1.99225
-2.06276
-2.12935
-2.19185
-2.25011
-2.30398
-2.35332
-2.398
-2.43791
-2.47294
-2.50299
-2.52799
-2.54787
-2.56257
-2.57206
-2.57632
-2.57534
-2.56913
-2.55772
-2.54114
-2.51945
-2.49271
-2.461
-2.42441
-2.38304
-2.33699
-2.28639
-2.23136
-2.17203
-2.10854
-2.04103
-1.96965
-1.89455
-1.81589
-1.73383
-1.64853
-1.56018
-1.46893
-1.37499
-1.27854
-1.17977
-1.0789
-0.976142
-0.871712
-0.765846
-0.658782
-0.550771
-0.442069
-0.332939
-0.223651
-0.11448
-0.00570216
0.102403
0.209556
0.315483
0.419911
0.522577
0.623225
0.721611
0.817504
0.910687
1.00096
1.08814
1.17207
1.25259
1.32958
1.40294
1.47257
1.53841
1.6004
1.65849
1.71267
1.76291
1.80922
1.85158
1.89002
1.92452
1.95512
1.98181
2.00461
