1.44845
1.54951
1.64596
1.73602
1.818
1.89041
1.95192
2.00152
2.03842
2.06215
2.07256
2.06976
2.05419
2.02653
1.98768
1.93876
1.88101
1.81578
1.74447
1.66847
1.58912
1.50769
1.42529
1.34291
1.26133
1.18115
1.10278
1.02644
0.952154
0.879804
0.809135
0.739788
0.671338
0.603324
0.53529
0.46681
0.397525
0.327163
0.255562
0.182682
0.108611
0.0335634
-0.0421214
-0.117997
-0.193525
-0.268098
-0.341063
-0.411752
-0.479502
-0.543688
-0.603743
-0.659177
-0.709597
-0.754716
-0.794359
-0.828464
-0.85708
-0.88035
-0.898508
-0.911853
-0.920733
-0.925523
-0.926605
-0.924347
-0.919082
-0.911095
-0.900607
-0.887771
-0.872665
-0.85529
-0.83558
-0.813408
-0.788596
-0.760934
-0.730195
-0.696153
-0.658601
-0.617369
-0.572337
-0.52345
-0.470728
-0.414268
-0.354251
-0.290938
-0.22466
-0.155815
-0.0848532
-0.0122595
0.0614597
0.135795
0.210249
0.284356
0.357694
0.429893
0.500651
0.569732
0.636972
0.702275
0.765607
0.826991
0.886489
0.944194
1.00022
1.05466
1.10762
1.15916
1.20932
1.25805
1.3053
1.35091
1.39471
1.43644
1.47581
1.5125
1.54617
1.57644
1.60298
1.62544
1.64354
1.65701
1.66568
1.66941
1.66816
1.66195
1.65086
1.63506
1.61477
1.59026
1.56182
1.5298
1.4945
1.45627
1.41541
1.37217
1.32679
1.27945
1.23025
1.17926
1.12648
1.07189
1.0154
0.956894
0.896262
0.833376
0.768124
0.700424
0.630233
0.557557
0.482465
0.405089
0.325628
0.244348
0.161577
0.077695
-0.00687508
-0.0916803
-0.176254
-0.260129
-0.342858
-0.424023
-0.503255
-0.580241
-0.654736
-0.726564
-0.795627
-0.861895
-0.925408
-0.986262
-1.0446
-1.1006
-1.15444
-1.20633
-1.25643
-1.3049
-1.35182
-1.39724
-1.44115
-1.48344
-1.52396
-1.56249
-1.59875
-1.63241
-1.66312
-1.69051
-1.7142
-1.73387
-1.74918
-1.75991
-1.76588
-1.76698
-1.76322
-1.75469
-1.74158
-1.72416
-1.70278
-1.67785
-1.64984
-1.61924
-1.58652
-1.55218
-1.51664
-1.48027
-1.44338
-1.40618
-1.36877
-1.33117
-1.2933
-1.25496
-1.21589
-1.17577
-1.13424
-1.0909
-1.04538
-0.997349
-0.946515
-0.892692
-0.835791
-0.775851
-0.713039
-0.647662
-0.58016
-0.511099
-0.441152
-0.371079
-0.301696
-0.233845
-0.168354
-0.106006
-0.0474947
0.00660429
0.0558702
0.100062
0.139138
0.173269
0.202846
0.228466
0.250931
0.271211
0.290425
0.309795
0.330605
0.354151
0.381689
0.41439
0.453281
0.499208
0.55279
0.614389
0.684085
0.761662
0.846605
0.938108
1.03509
1.13622
1.23998
1.34466
