0.119633
0.134225
0.148799
0.163348
0.177863
0.192334
0.206754
0.221113
0.235403
0.249616
0.263742
0.277773
0.291701
0.305517
0.319213
0.332781
0.346213
0.3595
0.372635
0.385609
0.398415
0.411045
0.423491
0.435747
0.447804
0.459655
0.471294
0.482712
0.493904
0.504863
0.515581
0.526053
0.536272
0.546232
0.555927
0.565352
0.574499
0.583365
0.591944
0.60023
0.608218
0.615904
0.623283
0.630351
0.637103
0.643535
0.649644
0.655426
0.660876
0.665993
0.670773
0.675212
0.679309
0.683061
0.686465
0.68952
0.692224
0.694575
0.696571
0.698212
0.699496
0.700423
0.700992
0.701203
0.701056
0.70055
0.699687
0.698466
0.696888
0.694955
0.692667
0.690025
0.687033
0.68369
0.68
0.675964
0.671585
0.666865
0.661808
0.656417
0.650693
0.644642
0.638267
0.631571
0.624559
0.617235
0.609603
0.601668
0.593434
0.584908
0.576092
0.566994
0.557618
0.547971
0.538057
0.527884
0.517456
0.506781
0.495865
0.484714
0.473335
0.461735
0.449921
0.4379
0.425679
0.413266
0.400668
0.387892
0.374947
0.361841
0.34858
0.335173
0.321629
0.307955
0.294159
0.28025
0.266237
0.252127
0.237929
0.223653
0.209305
0.194895
0.180432
0.165925
0.151381
0.136811
0.122222
0.107623
0.0930237
0.0784324
0.0638579
0.0493089
0.0347943
0.0203228
0.00590313
-0.00845608
-0.0227461
-0.0369585
-0.0510845
-0.0651157
-0.0790436
-0.0928598
-0.106556
-0.120124
-0.133556
-0.146843
-0.159978
-0.172952
-0.185758
-0.198388
-0.210834
-0.22309
-0.235147
-0.246998
-0.258637
-0.270055
-0.281247
-0.292206
-0.302924
-0.313396
-0.323615
-0.333575
-0.34327
-0.352695
-0.361842
-0.370708
-0.379287
-0.387572
-0.395561
-0.403247
-0.410626
-0.417694
-0.424446
-0.430878
-0.436987
-0.442769
-0.448219
-0.453336
-0.458116
-0.462555
-0.466652
-0.470404
-0.473808
-0.476863
-0.479567
-0.481918
-0.483914
-0.485555
-0.486839
-0.487766
-0.488335
-0.488546
-0.488399
-0.487893
-0.48703
-0.485809
-0.484231
-0.482298
-0.48001
-0.477368
-0.474376
-0.471033
-0.467343
-0.463307
-0.458928
-0.454208
-0.449151
-0.443759
-0.438036
-0.431985
-0.42561
-0.418914
-0.411902
-0.404578
-0.396946
-0.389011
-0.380777
-0.37225
-0.363435
-0.354337
-0.344961
-0.335314
-0.3254
-0.315227
-0.304799
-0.294124
-0.283208
-0.272057
-0.260678
-0.249078
-0.237264
-0.225243
-0.213022
-0.200609
-0.188011
-0.175235
-0.16229
-0.149183
-0.135923
-0.122516
-0.108972
-0.0952976
-0.081502
-0.0675933
-0.0535798
-0.03947
-0.0252724
-0.0109954
0.00335213
0.0177617
0.0322247
0.0467323
0.0612758
0.0758464
0.0904354
0.105034
