1.48224
1.67599
1.84862
1.989
2.08986
2.14861
2.16737
2.1523
2.11237
2.05781
1.99846
1.94232
1.89457
1.85713
1.82879
1.80591
1.78348
1.75623
1.7198
1.6715
1.61073
1.53893
1.45915
1.37529
1.29127
1.21028
1.13415
1.0632
0.996232
0.931021
0.864849
0.795191
0.72028
0.639496
0.553478
0.463966
0.373413
0.284468
0.19944
0.119863
0.0462473
-0.0219391
-0.0860619
-0.147943
-0.209401
-0.271814
-0.335799
-0.401063
-0.466473
-0.530295
-0.590564
-0.645494
-0.693833
-0.735093
-0.769607
-0.79841
-0.822964
-0.844811
-0.865212
-0.884865
-0.903756
-0.921175
-0.935882
-0.946396
-0.951323
-0.949665
-0.941037
-0.92574
-0.904691
-0.879215
-0.850759
-0.82058
-0.789495
-0.757725
-0.724883
-0.690092
-0.652221
-0.610164
-0.56312
-0.510793
-0.453485
-0.392054
-0.32775
-0.26197
-0.195983
-0.130693
-0.0664809
-0.00317025
0.0598811
0.12359
0.188895
0.256504
0.326694
0.39921
0.473281
0.547756
0.621317
0.692733
0.761086
0.825934
0.887359
0.945904
1.00241
1.05777
1.11271
1.1676
1.22228
1.27616
1.32821
1.37727
1.42218
1.46211
1.49662
1.5258
1.55021
1.57071
1.58826
1.60371
1.61756
1.62985
1.64016
1.64767
1.65136
1.65021
1.64346
1.63076
1.61226
1.58855
1.56059
1.52946
1.49614
1.46133
1.42526
1.38769
1.34798
1.30524
1.25856
1.20724
1.15099
1.08996
1.02484
0.956649
0.886569
0.81573
0.744968
0.674683
0.604775
0.534708
0.46366
0.390751
0.315271
0.236888
0.155761
0.0725465
-0.0117012
-0.0957275
-0.178317
-0.258528
-0.335868
-0.410369
-0.482546
-0.553251
-0.623445
-0.693947
-0.765211
-0.837187
-0.90929
-0.980498
-1.04954
-1.11514
-1.17631
-1.23251
-1.28376
-1.33065
-1.37415
-1.41539
-1.4554
-1.49486
-1.53389
-1.57204
-1.60835
-1.64152
-1.67026
-1.69349
-1.71064
-1.72177
-1.72755
-1.72914
-1.72794
-1.72528
-1.72209
-1.71875
-1.71494
-1.70974
-1.70182
-1.68973
-1.67228
-1.64879
-1.6193
-1.5846
-1.54606
-1.50541
-1.46435
-1.42417
-1.3855
-1.34818
-1.31123
-1.27315
-1.2322
-1.18688
-1.13625
-1.08023
-1.01966
-0.956204
-0.892013
-0.829293
-0.769842
-0.714645
-0.663646
-0.615738
-0.568988
-0.521067
-0.469786
-0.41363
-0.352173
-0.286265
-0.217947
-0.15009
-0.0858203
-0.0278534
0.0221317
0.0639286
0.0989436
0.129987
0.160737
0.194959
0.23565
0.28426
0.340196
0.400709
0.461251
0.516257
0.56024
0.588997
0.600719
0.59676
0.581892
0.563963
0.552961
0.559606
0.593698
0.66248
0.769296
0.912795
1.08682
1.28105
