1.54116
1.55565
1.56671
1.57432
1.57849
1.57925
1.57662
1.57063
1.56131
1.54873
1.53293
1.51397
1.49194
1.4669
1.43894
1.40816
1.37465
1.33852
1.29988
1.25884
1.21553
1.17008
1.12261
1.07327
1.0222
0.969532
0.915427
0.860031
0.8035
0.74599
0.687659
0.628667
0.569174
0.509344
0.449337
0.389317
0.329443
0.269879
0.210782
0.152311
0.0946211
0.0378665
-0.0178025
-0.0722385
-0.125298
-0.17684
-0.226729
-0.274834
-0.321029
-0.365193
-0.407209
-0.446969
-0.484367
-0.519308
-0.551699
-0.581457
-0.608504
-0.632771
-0.654194
-0.672719
-0.688297
-0.70089
-0.710464
-0.716997
-0.720471
-0.720878
-0.71822
-0.712503
-0.703743
-0.691965
-0.6772
-0.659489
-0.638878
-0.615422
-0.589185
-0.560235
-0.528651
-0.494515
-0.45792
-0.418961
-0.377743
-0.334375
-0.288974
-0.241658
-0.192556
-0.141797
-0.089517
-0.0358562
0.0190421
0.0750308
0.131959
0.189675
0.248022
0.306844
0.36598
0.42527
0.484554
0.54367
0.602455
0.660749
0.718391
0.775221
0.831083
0.885819
0.939276
0.991303
1.04175
1.09048
1.13735
1.18222
1.22495
1.26543
1.30353
1.33914
1.37214
1.40243
1.42991
1.4545
1.47609
1.49463
1.51003
1.52224
1.5312
1.53686
1.53917
1.53812
1.53368
1.52582
1.51455
1.49986
1.48176
1.46028
1.43543
1.40724
1.37577
1.34106
1.30316
1.26215
1.2181
1.17108
1.12119
1.06852
1.01317
0.955253
0.894881
0.832175
0.767263
0.700278
0.631357
0.560644
0.488286
0.414434
0.339246
0.262879
0.185496
0.107264
0.0283489
-0.0510783
-0.130846
-0.210782
-0.290713
-0.370464
-0.44986
-0.52873
-0.606898
-0.684195
-0.760448
-0.835491
-0.909158
-0.981285
-1.05171
-1.12028
-1.18685
-1.25125
-1.31336
-1.37303
-1.43012
-1.48452
-1.5361
-1.58474
-1.63033
-1.67277
-1.71197
-1.74784
-1.78029
-1.80926
-1.83468
-1.85649
-1.87463
-1.88908
-1.89979
-1.90675
-1.90993
-1.90932
-1.90494
-1.89678
-1.88486
-1.86922
-1.84988
-1.82688
-1.80029
-1.77015
-1.73653
-1.69951
-1.65916
-1.61559
-1.56888
-1.51914
-1.46647
-1.411
-1.35285
-1.29214
-1.22902
-1.16361
-1.09607
-1.02654
-0.95517
-0.882127
-0.807568
-0.731656
-0.654558
-0.576441
-0.497478
-0.41784
-0.337702
-0.257236
-0.176618
-0.0960216
-0.0156217
0.0644088
0.143898
0.222676
0.300575
0.377429
0.453075
0.527354
0.60011
0.671192
0.74045
0.807744
0.872934
0.935888
0.99648
1.05459
1.1101
1.1629
1.21289
1.25998
1.30408
1.34511
1.38299
1.41766
1.44907
1.47716
1.50189
1.52323
