1.52636
1.81357
2.03257
2.15586
2.18237
2.13592
2.05558
1.9817
1.94258
1.94648
1.98128
2.0214
2.03897
2.0149
1.94579
1.84451
1.7347
1.64147
1.58195
1.55925
1.56155
1.56672
1.55044
1.49497
1.39551
1.26201
1.11592
0.982958
0.88434
0.829392
0.812002
0.812254
0.80286
0.758444
0.664643
0.523888
0.355601
0.190371
0.0597266
-0.0151528
-0.0317633
-0.00835728
0.0214807
0.0203346
-0.0393026
-0.164049
-0.335773
-0.516821
-0.662983
-0.739753
-0.735868
-0.668773
-0.579427
-0.517856
-0.524518
-0.614441
-0.770385
-0.948061
-1.09191
-1.15581
-1.12088
-1.00356
-0.850341
-0.721039
-0.666441
-0.70889
-0.833223
-0.991736
-1.12157
-1.16809
-1.1056
-0.947361
-0.741146
-0.551834
-0.437406
-0.427355
-0.511559
-0.643822
-0.758822
-0.796198
-0.722878
-0.545399
-0.307687
-0.075096
0.0894034
0.148181
0.102659
-0.00721137
-0.117499
-0.163569
-0.103639
0.0659313
0.309149
0.56325
0.761291
0.856324
0.838417
0.738354
0.616604
0.541474
0.564298
0.700618
0.924238
1.17641
1.38691
1.49954
1.49261
1.38709
1.23919
1.11995
1.08932
1.17398
1.35739
1.5855
1.78645
1.89688
1.88527
1.76363
1.58314
1.41534
1.32569
1.34945
1.47864
1.66512
1.83843
1.93193
1.90731
1.76863
1.56044
1.35113
1.2075
1.17024
1.23934
1.37458
1.51085
1.58241
1.54698
1.40084
1.17959
0.944553
0.760018
0.669905
0.682256
0.767094
0.868075
0.923442
0.888463
0.751258
0.536448
0.295619
0.0883185
-0.0394009
-0.0711447
-0.0254038
0.0517935
0.103923
0.0844373
-0.0267009
-0.21623
-0.442817
-0.652232
-0.796915
-0.852884
-0.827955
-0.758456
-0.695724
-0.68735
-0.759989
-0.909925
-1.10473
-1.29534
-1.43406
-1.49185
-1.46868
-1.39306
-1.31123
-1.26986
-1.29891
-1.40086
-1.55028
-1.70367
-1.8159
-1.85685
-1.8222
-1.73435
-1.63347
-1.56208
-1.54932
-1.60056
-1.69626
-1.80008
-1.87296
-1.88762
-1.83815
-1.74119
-1.62883
-1.53607
-1.48793
-1.49088
-1.53163
-1.5831
-1.61511
-1.60545
-1.54733
-1.45078
-1.3379
-1.23428
-1.15982
-1.12228
-1.11563
-1.12321
-1.12425
-1.10128
-1.04568
-0.959943
-0.856084
-0.751124
-0.661299
-0.596915
-0.559371
-0.541134
-0.528518
-0.506324
-0.462883
-0.39394
-0.304117
-0.20545
-0.113362
-0.0413364
0.00391296
0.0250331
0.0332902
0.0445675
0.0734152
0.127329
0.203524
0.289647
0.368401
0.424434
0.450787
0.452175
0.443496
0.44385
0.468336
0.520965
0.591903
0.660655
0.704411
0.708531
0.674978
0.62495
0.594016
0.620951
0.733991
0.939538
1.21765
