1.5727
1.92112
2.12858
2.17669
2.11673
2.03079
1.98199
1.98564
2.01574
2.03575
2.02783
2.00022
1.97176
1.9502
1.92361
1.87144
1.78504
1.6798
1.5881
1.53802
1.53341
1.55
1.54973
1.50281
1.40271
1.26596
1.12022
0.990437
0.89164
0.828883
0.799506
0.793056
0.789669
0.762042
0.6847
0.547861
0.367276
0.181699
0.0367704
-0.036734
-0.0381084
0.00309304
0.0412713
0.0348772
-0.0379005
-0.173642
-0.347727
-0.523513
-0.662837
-0.736369
-0.733205
-0.66737
-0.577
-0.513097
-0.519865
-0.614666
-0.777972
-0.959692
-1.09978
-1.15333
-1.10835
-0.988781
-0.843404
-0.726879
-0.681111
-0.722419
-0.836871
-0.98405
-1.10877
-1.15894
-1.10501
-0.953704
-0.748745
-0.555915
-0.437262
-0.425496
-0.510356
-0.643134
-0.756776
-0.792074
-0.718956
-0.545579
-0.313809
-0.0843419
0.0832902
0.150318
0.112659
0.00436611
-0.112263
-0.168412
-0.115279
0.0554124
0.306533
0.569486
0.771339
0.863329
0.838703
0.733388
0.610864
0.5385
0.56437
0.701682
0.924681
1.17678
1.38895
1.50363
1.49637
1.38688
1.23346
1.11148
1.08386
1.1761
1.36654
1.59589
1.79097
1.89232
1.87476
1.75433
1.58102
1.42105
1.33461
1.35551
1.47877
1.66078
1.8336
1.9295
1.90729
1.76913
1.56033
1.35132
1.20977
1.17471
1.24331
1.37429
1.50489
1.57378
1.54158
1.40316
1.1889
0.954907
0.764334
0.665151
0.671729
0.75797
0.86617
0.929212
0.89721
0.757054
0.536457
0.291465
0.0838554
-0.0415694
-0.0713083
-0.0254148
0.0511357
0.103995
0.0872149
-0.0213716
-0.211648
-0.443254
-0.6591
-0.80664
-0.858792
-0.825157
-0.747961
-0.684279
-0.682782
-0.765477
-0.921632
-1.11467
-1.29723
-1.42759
-1.48232
-1.46251
-1.39314
-1.31561
-1.27438
-1.30106
-1.40127
-1.55097
-1.70509
-1.81593
-1.85305
-1.8151
-1.72844
-1.63419
-1.57102
-1.5617
-1.60786
-1.69243
-1.78663
-1.85856
-1.88213
-1.84537
-1.75608
-1.64124
-1.5382
-1.47963
-1.47894
-1.52406
-1.58326
-1.62035
-1.61067
-1.5498
-1.45173
-1.33986
-1.23713
-1.15992
-1.11608
-1.1044
-1.11415
-1.12571
-1.1154
-1.06483
-0.970901
-0.84962
-0.729806
-0.638822
-0.588715
-0.571331
-0.565101
-0.548263
-0.509388
-0.449141
-0.374458
-0.291833
-0.205643
-0.121529
-0.0493329
-0.000150754
0.0220313
0.0272403
0.0373431
0.0737538
0.142846
0.230362
0.310326
0.362836
0.387465
0.401714
0.425603
0.464912
0.507212
0.534523
0.542054
0.54617
0.572495
0.631914
0.704468
0.747896
0.7294
0.659394
0.600295
0.638305
0.832144
1.17127
