1.47959
1.5136
1.54441
1.57189
1.59595
1.6165
1.63345
1.64674
1.65629
1.66206
1.664
1.66207
1.65626
1.64656
1.63296
1.61549
1.59417
1.56903
1.54014
1.50754
1.47133
1.43159
1.38842
1.34193
1.29226
1.23953
1.18389
1.12552
1.06456
1.00122
0.935665
0.868109
0.798755
0.727819
0.655523
0.582095
0.507771
0.432788
0.357391
0.281824
0.206338
0.131181
0.0566037
-0.0171435
-0.0898124
-0.161157
-0.230933
-0.298903
-0.364832
-0.428492
-0.489662
-0.548128
-0.603685
-0.656137
-0.705299
-0.750995
-0.793062
-0.831347
-0.865714
-0.896035
-0.9222
-0.944112
-0.961688
-0.97486
-0.983576
-0.9878
-0.987512
-0.982705
-0.973392
-0.959599
-0.94137
-0.918761
-0.891849
-0.86072
-0.825481
-0.786249
-0.743158
-0.696353
-0.645994
-0.592252
-0.535313
-0.47537
-0.412628
-0.347303
-0.279618
-0.209806
-0.138103
-0.0647567
0.00998404
0.0858642
0.162626
0.240008
0.317749
0.395586
0.473258
0.550502
0.627061
0.702679
0.777106
0.850094
0.921405
0.990804
1.05807
1.12297
1.18531
1.24489
1.30152
1.35502
1.40522
1.45197
1.49513
1.53457
1.57017
1.60184
1.62947
1.653
1.67236
1.6875
1.69841
1.70504
1.7074
1.7055
1.69935
1.68899
1.67447
1.65584
1.63319
1.60658
1.57612
1.54191
1.50406
1.46271
1.41797
1.37
1.31894
1.26495
1.20818
1.14882
1.08703
1.02299
0.956869
0.888863
0.819152
0.747924
0.675365
0.601662
0.527003
0.451572
0.375554
0.299129
0.222476
0.145771
0.0691839
-0.00711763
-0.0829715
-0.158221
-0.232713
-0.306304
-0.378852
-0.450224
-0.520293
-0.588939
-0.656046
-0.721508
-0.785226
-0.847104
-0.907057
-0.965005
-1.02087
-1.0746
-1.12612
-1.17538
-1.22233
-1.26694
-1.30916
-1.34896
-1.38632
-1.42122
-1.45365
-1.48358
-1.51101
-1.53594
-1.55837
-1.5783
-1.59574
-1.61069
-1.62316
-1.63317
-1.64073
-1.64586
-1.64857
-1.64888
-1.64682
-1.6424
-1.63564
-1.62657
-1.61521
-1.60158
-1.58571
-1.56761
-1.54732
-1.52485
-1.50023
-1.47349
-1.44466
-1.41375
-1.38081
-1.34585
-1.3089
-1.27001
-1.2292
-1.1865
-1.14195
-1.0956
-1.04748
-0.997635
-0.946112
-0.892961
-0.838234
-0.781989
-0.724284
-0.665184
-0.604756
-0.543072
-0.480208
-0.416245
-0.351268
-0.285367
-0.218636
-0.151174
-0.0830846
-0.0144767
0.0545371
0.123839
0.193308
0.262817
0.332237
0.401433
0.470269
0.538604
0.606294
0.673193
0.739153
0.804024
0.867654
0.92989
0.990581
1.04957
1.10671
1.16185
1.21484
1.26553
1.31377
1.35944
1.40238
1.44247
