1.62014
2.01359
2.16681
2.12146
2.02958
2.00467
2.04084
2.06275
2.03005
1.97807
1.96417
1.99579
2.0236
1.99871
1.92127
1.8293
1.75159
1.68519
1.61796
1.55813
1.52863
1.53334
1.54005
1.50401
1.4069
1.26871
1.12445
0.99657
0.892352
0.818741
0.786158
0.791764
0.804878
0.779114
0.684679
0.529485
0.349764
0.183766
0.0557993
-0.0213682
-0.0418698
-0.0139947
0.0296274
0.0391717
-0.0249319
-0.166191
-0.350998
-0.530982
-0.6666
-0.735617
-0.73162
-0.666114
-0.574195
-0.509391
-0.520071
-0.62134
-0.785599
-0.959211
-1.08974
-1.14359
-1.10997
-1.00098
-0.853415
-0.72389
-0.668418
-0.713658
-0.840797
-0.995461
-1.11534
-1.15501
-1.09641
-0.949565
-0.751494
-0.560718
-0.439361
-0.42502
-0.50964
-0.642242
-0.75425
-0.789126
-0.719639
-0.551263
-0.319428
-0.0830045
0.0916563
0.157296
0.110179
-0.00565238
-0.119272
-0.16481
-0.104985
0.0613864
0.302335
0.560361
0.767001
0.86722
0.845439
0.73603
0.60833
0.534914
0.562997
0.701931
0.924947
1.17762
1.39156
1.50627
1.49523
1.38138
1.22879
1.11355
1.09174
1.18168
1.36326
1.58664
1.78554
1.89662
1.88411
1.75877
1.57634
1.41291
1.33154
1.35961
1.48461
1.66257
1.83111
1.92656
1.90627
1.76915
1.5603
1.35231
1.2127
1.17725
1.24161
1.36845
1.50069
1.57672
1.5497
1.40796
1.18461
0.94556
0.759886
0.670434
0.680999
0.761402
0.8607
0.921306
0.895012
0.76164
0.541985
0.292682
0.0812628
-0.0441824
-0.0721773
-0.0256962
0.0508616
0.10533
0.0907989
-0.0187671
-0.214198
-0.449985
-0.663107
-0.802432
-0.849661
-0.820805
-0.753789
-0.694596
-0.686559
-0.758607
-0.911572
-1.11202
-1.30409
-1.43601
-1.4838
-1.45697
-1.38742
-1.31484
-1.27729
-1.30359
-1.40218
-1.5517
-1.7056
-1.81388
-1.84824
-1.81226
-1.73247
-1.6428
-1.5751
-1.55528
-1.59642
-1.6883
-1.79522
-1.87131
-1.88535
-1.83551
-1.7438
-1.6394
-1.54782
-1.48975
-1.4796
-1.51652
-1.57653
-1.62004
-1.61433
-1.55261
-1.453
-1.34147
-1.23795
-1.15624
-1.10858
-1.10097
-1.12144
-1.13872
-1.11995
-1.0534
-0.953726
-0.845526
-0.744941
-0.657985
-0.591153
-0.554032
-0.546559
-0.547884
-0.526291
-0.464517
-0.373455
-0.278599
-0.195386
-0.122075
-0.0553964
-0.00438119
0.0192776
0.022993
0.0359658
0.0832631
0.159603
0.235556
0.290546
0.332776
0.381399
0.434704
0.468102
0.4682
0.459237
0.48209
0.545284
0.609302
0.631008
0.618996
0.627808
0.68797
0.754003
0.746244
0.656827
0.60161
0.739777
1.12237
