1.46037
1.50767
1.55182
1.59257
1.6297
1.663
1.69225
1.71727
1.73788
1.75391
1.76523
1.77171
1.77325
1.76978
1.76122
1.74755
1.72876
1.70486
1.67589
1.64192
1.60304
1.55935
1.51101
1.45817
1.40102
1.33977
1.27465
1.20591
1.13382
1.05868
0.980771
0.900427
0.817973
0.733752
0.648114
0.561415
0.474019
0.38629
0.298594
0.211295
0.124755
0.0393303
-0.0446298
-0.126785
-0.206806
-0.284376
-0.359191
-0.430965
-0.499425
-0.564321
-0.625418
-0.682505
-0.735388
-0.783898
-0.827887
-0.867229
-0.901823
-0.931588
-0.956469
-0.976431
-0.991462
-1.00157
-1.00679
-1.00718
-1.00279
-0.993733
-0.980103
-0.962026
-0.939641
-0.913101
-0.882573
-0.848232
-0.810266
-0.76887
-0.724248
-0.676608
-0.626164
-0.573133
-0.517735
-0.46019
-0.400719
-0.33954
-0.276871
-0.212926
-0.147916
-0.0820452
-0.0155158
0.0514775
0.118745
0.186105
0.253381
0.320404
0.387011
0.453047
0.518364
0.58282
0.646279
0.708612
0.769697
0.829414
0.887653
0.944306
0.999268
1.05244
1.10373
1.15304
1.20029
1.24538
1.28823
1.32875
1.36688
1.40251
1.43558
1.46601
1.49371
1.51862
1.54065
1.55974
1.57582
1.58881
1.59864
1.60526
1.60859
1.60859
1.60521
1.59838
1.58808
1.57426
1.5569
1.53598
1.51147
1.48338
1.45172
1.4165
1.37773
1.33548
1.28977
1.24067
1.18826
1.13263
1.07386
1.01208
0.94741
0.879986
0.809959
0.737492
0.66276
0.585949
0.507257
0.426889
0.345064
0.262005
0.177945
0.0931235
0.00778401
-0.0778248
-0.163451
-0.248843
-0.333745
-0.417906
-0.501075
-0.583005
-0.663455
-0.742188
-0.818977
-0.893602
-0.965854
-1.03553
-1.10246
-1.16645
-1.22735
-1.28502
-1.33933
-1.39016
-1.43741
-1.48102
-1.52092
-1.55705
-1.5894
-1.61795
-1.64271
-1.6637
-1.68096
-1.69454
-1.7045
-1.71093
-1.71391
-1.71356
-1.70999
-1.70332
-1.69368
-1.6812
-1.66604
-1.64833
-1.62823
-1.60589
-1.58146
-1.55508
-1.52691
-1.49708
-1.46573
-1.433
-1.399
-1.36385
-1.32766
-1.29053
-1.25255
-1.21378
-1.17431
-1.13418
-1.09344
-1.05212
-1.01025
-0.967841
-0.924892
-0.8814
-0.83735
-0.79272
-0.747479
-0.701593
-0.655022
-0.607723
-0.559649
-0.510754
-0.46099
-0.410312
-0.358677
-0.306047
-0.252387
-0.197672
-0.141882
-0.0850062
-0.0270458
0.0319887
0.0920743
0.153175
0.215243
0.278214
0.342011
0.406542
0.471701
0.537364
0.603397
0.669647
0.735951
0.80213
0.867993
0.933338
0.997951
1.06161
1.12408
1.18513
1.24451
1.30198
1.35728
1.41016
