1.45189
1.5109
1.56671
1.6189
1.66708
1.71086
1.74987
1.78378
1.81228
1.83509
1.85197
1.8627
1.86712
1.86511
1.85659
1.84152
1.81991
1.79183
1.75737
1.71668
1.66996
1.61742
1.55936
1.49607
1.4279
1.35523
1.27845
1.198
1.11432
1.02787
0.939125
0.848569
0.756684
0.663953
0.570856
0.47786
0.385423
0.293986
0.20397
0.115774
0.0297745
-0.0536813
-0.134274
-0.211713
-0.285741
-0.35613
-0.422685
-0.485243
-0.543673
-0.597871
-0.647767
-0.693316
-0.734499
-0.771322
-0.803813
-0.83202
-0.856008
-0.875856
-0.891658
-0.903516
-0.91154
-0.915846
-0.916551
-0.913776
-0.907639
-0.898256
-0.88574
-0.870195
-0.851725
-0.830422
-0.806374
-0.779659
-0.750351
-0.718514
-0.684208
-0.647486
-0.608399
-0.566992
-0.523311
-0.477398
-0.4293
-0.379065
-0.326745
-0.272399
-0.216092
-0.157901
-0.0979095
-0.036215
0.0270732
0.0918322
0.157925
0.225201
0.293493
0.36262
0.432389
0.502589
0.572999
0.643386
0.713505
0.783103
0.851918
0.919684
0.986131
1.05099
1.11398
1.17484
1.23331
1.28912
1.34204
1.39182
1.43825
1.48112
1.52025
1.55545
1.58659
1.61354
1.63618
1.65444
1.66827
1.67761
1.68247
1.68285
1.67878
1.67032
1.65754
1.64054
1.61943
1.59433
1.56538
1.53274
1.49658
1.45705
1.41434
1.36864
1.32011
1.26896
1.21536
1.15949
1.10153
1.04164
0.979997
0.916748
0.852042
0.786017
0.718803
0.65052
0.58128
0.511187
0.440337
0.368819
0.296715
0.224106
0.151066
0.0776679
0.00398465
-0.0699107
-0.143943
-0.218033
-0.292098
-0.366048
-0.439786
-0.513207
-0.586197
-0.658633
-0.730381
-0.801298
-0.87123
-0.940014
-1.00748
-1.07344
-1.13771
-1.20009
-1.26039
-1.3184
-1.37392
-1.42674
-1.47667
-1.5235
-1.56705
-1.60714
-1.6436
-1.67628
-1.70503
-1.72975
-1.75031
-1.76666
-1.77873
-1.78648
-1.78991
-1.78904
-1.78392
-1.7746
-1.76119
-1.74381
-1.7226
-1.69772
-1.66938
-1.63776
-1.60311
-1.56565
-1.52565
-1.48335
-1.43904
-1.39297
-1.34543
-1.29667
-1.24697
-1.19658
-1.14573
-1.09466
-1.04357
-0.99265
-0.942075
-0.891985
-0.842499
-0.793708
-0.745678
-0.698446
-0.652023
-0.60639
-0.561504
-0.517296
-0.473674
-0.430523
-0.38771
-0.345086
-0.302486
-0.259735
-0.216652
-0.17305
-0.128744
-0.0835506
-0.0372939
0.0101911
0.059055
0.109431
0.161432
0.215145
0.270633
0.327929
0.387034
0.447918
0.510516
0.574729
0.640423
0.707429
0.775544
0.844531
0.914123
0.98402
1.0539
1.12341
1.19218
1.25982
1.32593
1.39009
