1.4481
1.51811
1.58477
1.64741
1.70543
1.75821
1.80521
1.84591
1.87985
1.90663
1.92593
1.93749
1.94112
1.93672
1.92426
1.90378
1.87542
1.83938
1.79593
1.74542
1.68825
1.62488
1.55581
1.4816
1.40282
1.32007
1.23399
1.14519
1.05431
0.96196
0.868741
0.775233
0.681983
0.589505
0.498271
0.40871
0.321205
0.23609
0.153649
0.0741179
-0.00231553
-0.0755105
-0.145369
-0.211835
-0.274886
-0.334534
-0.390816
-0.44379
-0.493533
-0.54013
-0.583675
-0.62426
-0.661973
-0.696897
-0.7291
-0.758637
-0.785542
-0.809834
-0.831508
-0.850541
-0.866886
-0.880479
-0.891238
-0.899065
-0.903847
-0.905466
-0.903795
-0.898706
-0.890074
-0.877778
-0.861713
-0.841783
-0.817914
-0.790054
-0.758177
-0.722283
-0.682404
-0.638604
-0.590978
-0.539657
-0.484803
-0.42661
-0.365303
-0.301135
-0.234385
-0.165354
-0.0943613
-0.0217426
0.0521565
0.126983
0.202383
0.278004
0.353497
0.428527
0.502772
0.575924
0.6477
0.717834
0.78609
0.852252
0.916136
0.97758
1.03645
1.09264
1.14607
1.19667
1.2444
1.28924
1.33118
1.37023
1.40638
1.43967
1.47011
1.49771
1.5225
1.54448
1.56366
1.58002
1.59355
1.60423
1.612
1.61682
1.61863
1.61734
1.61289
1.60517
1.59411
1.57961
1.56159
1.53995
1.51463
1.48556
1.45269
1.41599
1.37545
1.33108
1.28292
1.23103
1.1755
1.11644
1.054
0.988359
0.919709
0.848276
0.774305
0.698065
0.619838
0.539924
0.45863
0.376271
0.293167
0.209634
0.125983
0.0425167
-0.0404736
-0.122714
-0.203947
-0.283941
-0.362481
-0.439384
-0.514486
-0.587655
-0.658782
-0.727783
-0.794599
-0.859194
-0.921551
-0.98167
-1.03957
-1.09527
-1.1488
-1.20021
-1.24954
-1.29681
-1.34205
-1.38529
-1.42653
-1.46576
-1.50296
-1.53809
-1.57108
-1.60185
-1.63032
-1.65636
-1.67985
-1.70064
-1.71858
-1.7335
-1.74526
-1.75368
-1.7586
-1.75989
-1.7574
-1.75102
-1.74065
-1.72624
-1.70773
-1.68512
-1.65845
-1.62778
-1.59321
-1.55489
-1.51301
-1.46777
-1.41943
-1.36828
-1.31464
-1.25884
-1.20123
-1.1422
-1.08212
-1.02139
-0.960367
-0.899438
-0.83895
-0.779236
-0.720595
-0.663295
-0.607565
-0.553587
-0.501499
-0.451389
-0.40329
-0.357187
-0.31301
-0.270638
-0.229901
-0.190585
-0.152434
-0.115154
-0.0784234
-0.0418943
-0.00520383
0.0320202
0.0701507
0.109553
0.150577
0.193549
0.238764
0.286475
0.336894
0.390176
0.446423
0.505673
0.567898
0.633005
0.700832
0.771148
0.843657
0.917998
0.993749
1.07043
1.14753
1.22445
1.30062
1.37538
