1.44685
1.52745
1.60443
1.67682
1.74371
1.80424
1.85763
1.90318
1.94028
1.96845
1.98731
1.99663
1.99628
1.98626
1.96673
1.93794
1.90025
1.85416
1.80022
1.73909
1.67149
1.59818
1.51996
1.43765
1.35207
1.26402
1.17428
1.08359
0.992621
0.902001
0.812279
0.72393
0.63735
0.552856
0.470686
0.391
0.313892
0.239389
0.167464
0.0980411
0.0310117
-0.0337606
-0.0964261
-0.15714
-0.216049
-0.273287
-0.328963
-0.383153
-0.435896
-0.487192
-0.536993
-0.585209
-0.631703
-0.6763
-0.718782
-0.7589
-0.796381
-0.830928
-0.862237
-0.889999
-0.913912
-0.933689
-0.949065
-0.959805
-0.965713
-0.966636
-0.962467
-0.953153
-0.938692
-0.919138
-0.894594
-0.865219
-0.831214
-0.792827
-0.750341
-0.704069
-0.654348
-0.601531
-0.545982
-0.488061
-0.428127
-0.366522
-0.303573
-0.239581
-0.174819
-0.10953
-0.0439229
0.0218251
0.0875706
0.153201
0.218633
0.283806
0.348682
0.413237
0.477455
0.541328
0.604842
0.667977
0.730701
0.792963
0.854691
0.91579
0.976135
1.03558
1.09393
1.151
1.20654
1.26031
1.31203
1.36141
1.40817
1.452
1.49262
1.52975
1.56312
1.59248
1.61762
1.63837
1.65457
1.66611
1.67292
1.67499
1.67234
1.66501
1.6531
1.63676
1.61614
1.59143
1.56284
1.53061
1.49497
1.45616
1.41441
1.36997
1.32303
1.27382
1.22249
1.16921
1.11412
1.0573
0.99885
0.938816
0.877233
0.814117
0.749471
0.683285
0.615549
0.546251
0.475387
0.402966
0.329013
0.253574
0.176725
0.0985662
0.019233
-0.061108
-0.142257
-0.223981
-0.306019
-0.388081
-0.469854
-0.551007
-0.631196
-0.710073
-0.787286
-0.862494
-0.935366
-1.00559
-1.07289
-1.13702
-1.19775
-1.25491
-1.30837
-1.35805
-1.4039
-1.44593
-1.48417
-1.5187
-1.54964
-1.57714
-1.60135
-1.62245
-1.64064
-1.6561
-1.66901
-1.67954
-1.68785
-1.69405
-1.69823
-1.70047
-1.70078
-1.69915
-1.69554
-1.68985
-1.68198
-1.67179
-1.65911
-1.64376
-1.62557
-1.60434
-1.57991
-1.55212
-1.52084
-1.48598
-1.44749
-1.40536
-1.35964
-1.31043
-1.25791
-1.20229
-1.14385
-1.08294
-1.01993
-0.955262
-0.889389
-0.822803
-0.756009
-0.689513
-0.623814
-0.55939
-0.496684
-0.436098
-0.377974
-0.322591
-0.270152
-0.22078
-0.174512
-0.131296
-0.0909894
-0.0533641
-0.018107
0.0151723
0.0469327
0.0776915
0.108012
0.13849
0.169737
0.202368
0.236981
0.274145
0.314378
0.358139
0.405807
0.457673
0.513929
0.574656
0.63982
0.70927
0.782736
0.859826
0.94004
1.02277
1.10731
1.19287
1.27859
1.36357
