1.44714
1.53807
1.62496
1.70648
1.78135
1.84842
1.90666
1.95516
1.99323
2.02032
2.03612
2.04049
2.03351
2.01544
1.98672
1.94798
1.89996
1.84354
1.77969
1.70943
1.63384
1.554
1.47094
1.38567
1.29913
1.21215
1.12548
1.03973
0.955389
0.872829
0.792288
0.713888
0.637643
0.563473
0.491218
0.420659
0.351538
0.283575
0.216492
0.150028
0.0839584
0.0181117
-0.0476218
-0.113279
-0.178817
-0.244115
-0.308972
-0.37311
-0.436189
-0.497808
-0.557525
-0.614868
-0.669349
-0.720486
-0.76781
-0.810887
-0.849327
-0.8828
-0.911041
-0.93386
-0.951144
-0.962861
-0.969056
-0.969847
-0.96542
-0.956019
-0.941935
-0.923494
-0.901046
-0.874951
-0.845566
-0.813232
-0.778268
-0.740955
-0.701537
-0.660208
-0.617116
-0.572359
-0.52599
-0.478019
-0.428419
-0.377139
-0.324106
-0.26924
-0.212465
-0.153716
-0.0929513
-0.0301614
0.0346239
0.101329
0.169829
0.239945
0.31145
0.384064
0.457464
0.531285
0.605134
0.678593
0.751233
0.822622
0.892337
0.959976
1.02516
1.08756
1.14688
1.20287
1.25535
1.30417
1.34926
1.39058
1.42816
1.46204
1.49233
1.51913
1.54258
1.56282
1.57998
1.59418
1.60554
1.61412
1.61998
1.62312
1.62353
1.62115
1.61587
1.60759
1.59615
1.58139
1.56314
1.54123
1.5155
1.48582
1.45206
1.41415
1.37206
1.3258
1.27544
1.22109
1.16292
1.10116
1.03608
0.967988
0.897224
0.82416
0.749178
0.672669
0.595017
0.516592
0.437741
0.35878
0.279984
0.201588
0.123778
0.0466939
-0.0295714
-0.104969
-0.179489
-0.253154
-0.326011
-0.398123
-0.469561
-0.54039
-0.610664
-0.680414
-0.74964
-0.818307
-0.886337
-0.953607
-1.01995
-1.08514
-1.14894
-1.21105
-1.27114
-1.32888
-1.38391
-1.43588
-1.48446
-1.52932
-1.57017
-1.6068
-1.63899
-1.66664
-1.68967
-1.70809
-1.72196
-1.73142
-1.73665
-1.73791
-1.73546
-1.72964
-1.72077
-1.70919
-1.69524
-1.67923
-1.66145
-1.64213
-1.62146
-1.59957
-1.57654
-1.55235
-1.52696
-1.50025
-1.47204
-1.44212
-1.41026
-1.37618
-1.33964
-1.30039
-1.2582
-1.2129
-1.16439
-1.1126
-1.05758
-0.999448
-0.938417
-0.87479
-0.808956
-0.741385
-0.672618
-0.60325
-0.533916
-0.46527
-0.397965
-0.332633
-0.269859
-0.210163
-0.15398
-0.101637
-0.0533434
-0.00917792
0.0309214
0.0671588
0.0998794
0.129564
0.156816
0.18235
0.206969
0.23154
0.256973
0.284187
0.314086
0.347522
0.385275
0.428014
0.476283
0.530469
0.590792
0.657284
0.729789
0.807954
0.891236
0.978908
1.07008
1.1637
1.2586
1.35353
