0.01 -0.0195353 0.000192753 15
0.02 -0.0390687 0.000771742 105
0.03 -0.0561616 0.00181714 10
0.04 -0.0820789 0.00317275 55
0.05 -0.102222 0.00511351 90
0.06 -0.12087 0.00763987 32
0.07 -0.141204 0.0100292 996
0.08 -0.159428 0.0131192 16
0.09 -0.18215 0.016839 113
0.1 -0.202241 0.0206379 45
0.11 -0.224938 0.025545 588
0.12 -0.242221 0.0288622 24
0.13 -0.267119 0.036723 196
0.14 -0.288994 0.0426609 143
0.15 -0.310634 0.050253 432
0.16 -0.332897 0.0578615 315
0.17 -0.35761 0.0669092 240
0.18 -0.379925 0.0758327 711
0.19 -0.403996 0.0854541 872
0.2 -0.428709 0.0975176 259
0.21 -0.454436 0.113719 131
0.22 -0.478254 0.123254 293
0.23 -0.50655 0.132425 71
0.24 -0.53044 0.153465 195
0.25 -0.556835 0.169971 194
0.26 -0.586609 0.1874 198
0.27 -0.612144 0.208066 297
0.28 -0.644153 0.242801 574
0.29 -0.672583 0.265256 229
0.3 -0.703877 0.289225 231
0.31 -0.73422 0.305273 91
0.32 -0.770441 0.350438 930
0.33 -0.806506 0.388441 514
0.34 -0.842366 0.433998 907
0.35 -0.884834 0.413451 12
0.36 -0.921249 0.55935 193
0.37 -0.961686 0.602413 458
0.38 -1.00938 0.679767 617
0.39 -1.05469 0.774434 949
0.4 -1.11301 0.893535 785
0.41 -1.16385 1.03831 594
0.42 -1.22454 1.1869 189
0.43 -1.32516 1.7416 731
0.44 -1.43306 1.87021 474
0.45 -1.51726 1.46408 975
0.46 -1.57646 1.05537 75
0.47 -1.63783 0.970475 844
0.48 -1.68011 0.894893 598
0.49 -1.71134 0.852963 594
0.5 -1.74413 0.729293 600
0.51 -1.77405 0.621311 474
0.52 -1.79518 0.617695 702
0.53 -1.8171 0.546495 608
0.54 -1.83303 0.511838 771
0.55 -1.84947 0.476817 411
0.56 -1.86473 0.429199 224
0.57 -1.87861 0.402678 379
0.58 -1.89011 0.358737 646
0.59 -1.90022 0.325762 237
0.6 -1.90874 0.304149 790
0.61 -1.91742 0.285446 334
0.62 -1.92427 0.275587 963
0.63 -1.92973 0.251373 41
0.64 -1.93794 0.236083 34
0.65 -1.9429 0.223959 857
0.66 -1.94839 0.191057 129
0.67 -1.95363 0.192636 240
0.68 -1.95656 0.183461 245
0.69 -1.96 0.172122 277
0.7 -1.96374 0.154912 335
0.71 -1.96702 0.15102 575
0.72 -1.96949 0.134961 431
0.73 -1.97204 0.130507 950
0.74 -1.9744 0.122096 971
0.75 -1.9769 0.11506 267
0.76 -1.97861 0.108734 920
0.77 -1.9804 0.0993253 462
0.78 -1.98138 0.0975798 296
0.79 -1.98334 0.090761 937
0.8 -1.98483 0.0833124 404
0.81 -1.98603 0.0793931 276
0.82 -1.98767 0.0697352 138
0.83 -1.98833 0.0660099 342
0.84 -1.98885 0.0658228 341
0.85 -1.99049 0.0597207 126
0.86 -1.9912 0.0549527 217
0.87 -1.99204 0.0490726 23
0.88 -1.99237 0.0504508 927
0.89 -1.9924 0.04755 38
0.9 -1.99333 0.0428287 24
0.91 -1.99442 0.0382079 56
0.92 -1.99464 0.0389368 226
0.93 -1.99459 0.0357334 87
0.94 -1.99542 0.0336474 164
0.95 -1.99575 0.0316616 145
0.96 -1.99622 0.0273472 107
0.97 -1.99651 0.0269127 223
0.98 -1.99656 0.027346 425
